version https://git-lfs.github.com/spec/v1
oid sha256:f03158fd5df2b332ce0acd76f064b9cf70e1f91feced261cccce29ede09f653a
size 1450
